5.5,18.06,74.11280729100000,0.10809164845129
5.6,10.00,74.19414239920000,0.10652854912359
5.8,10.00,68.67901770850000,1.17940855753378
6.4,113.00,149.00143338999999,5.96501319585522
6.1,10.00,74.03641038110000,0.10742188566982
4.8,10.00,22.48753069740000,2.00336947727000
5.0,1.00,19.12073744650000,2.15607574247313
5.7,120.00,145.84749728300000,5.95423088831808
4.9,39.80,70.38554478870000,5.98421437402658
4.8,41.00,64.99314382260000,5.97437468068341
4.7,10.00,15.84346180020000,5.93081879860652
5.8,41.00,120.18049751100000,0.85551994935438
5.1,58.44,82.73728340920000,0.32698923038501
4.6,499.09,149.33564828999999,6.04403626039928
7.0,60.21,110.25446151800000,0.90585334155317
5.2,52.00,83.29068182610000,0.40350411575017
4.3,10.00,16.26630088360000,5.84012786057911
4.7,431.81,84.26863702860000,0.54405372703375
6.0,31.00,73.47275714760001,6.03855662120875
4.7,525.03,149.73305627299999,6.05476242473011
5.0,219.42,146.18561859200000,5.97751526979200
5.0,44.40,64.95973525879999,5.97348746767634
4.9,10.00,26.04902930270000,2.01141461985721
5.2,122.73,79.19675488220000,0.24476368529474
4.6,128.26,80.39816105980000,4.42893768205433
4.8,12.61,20.00570645500000,1.93030817510274
5.9,30.00,78.23370854030000,6.20619910854637
6.8,570.41,81.78011841540000,4.30620422034129
5.2,387.14,129.80969455600001,0.48856766618686
5.6,14.00,39.96652232540000,1.63857055394622
5.2,10.00,80.38810949659999,4.37758211679756
5.1,10.00,151.14969511100000,0.20488922209567
5.0,76.42,75.82240384360000,0.16812862190068
4.3,10.00,13.09097974510000,1.91621129323711
6.6,35.00,142.48992186699999,0.22499886146193
5.1,10.00,151.46571923499999,0.18699119269188
5.3,10.00,151.13794454200001,0.19856684634205
5.4,88.00,90.26610767790000,1.35986567433786
1.4,3.50,0.59424865556500,0.67196790425001
5.1,49.97,88.65112287590000,0.47472744653694
6.0,38.67,148.55122368799999,0.19545529622603
5.7,103.00,81.03652769170000,4.43133940125649
3.8,10.00,3.14987053335000,2.76280936445479
6.7,63.00,99.37195275880001,4.07772199524923
5.5,10.00,151.26986941499999,0.19921832805903
5.6,9.00,151.34111826500001,0.19172288370059
5.6,29.00,77.88480444930001,4.88675843672742
5.1,47.70,27.69636070830000,1.88459718839898
6.2,355.00,134.03346307199999,0.45451270170121
5.9,10.00,123.53958976700000,0.90204519498116
5.5,48.24,84.96510898530001,0.42619697839458
6.2,588.00,150.39446421500000,6.08341839802408
5.8,562.39,149.30134391799999,6.05164674535864
5.5,618.77,147.37408226500000,6.10664616359645
4.7,457.27,150.14563063700001,6.05284616860538
5.4,186.82,148.95810712900001,0.17285665559549
5.3,90.60,152.69456362899999,5.99799238474124
5.6,211.72,54.29447929640000,1.28575213106642
5.8,70.00,82.22688497370000,4.48244435112974
5.4,7.73,21.23926277190000,1.95303960959983
5.2,20.67,57.31091640390000,1.26840762007967
4.9,115.99,82.46108757019999,0.36468756025925
4.9,136.60,77.05501770650000,0.19890226745676
4.8,10.00,28.01594659450000,1.66424682974321
4.9,32.67,82.12650203050001,0.28807945497748
4.9,35.00,82.17825930890000,0.28802469914479
6.2,10.00,26.83747237000000,4.33616175402219
4.8,574.29,147.45732738600000,6.06974434992181
4.3,59.40,15.38966910080000,3.11562598978056
5.3,10.00,18.94058695930000,4.38894767264017
6.4,368.12,129.27540275699999,0.52153625311878
5.1,10.00,24.38477327370000,1.80550204873060
5.5,614.79,150.18427507800001,6.08047787110657
5.4,28.00,82.61909296120000,0.41478084053013
7.5,145.00,80.32847473760000,4.44631281395780
5.0,104.71,81.81646116100001,0.33166032254304
4.9,587.77,151.37442421599999,6.09559558004841
3.3,10.00,3.14996522234000,1.23326832543749
7.0,267.00,86.27723220770000,4.21866918768071
5.9,18.73,84.58180549930000,0.35879259802718
4.9,121.71,79.54271887509999,0.25366399247161
6.2,578.19,147.22205176099999,6.08634285650166
5.9,10.00,17.49652615060000,5.37182139876528
4.8,13.80,64.47725338879999,5.88992623858023
0.8,6.20,0.29549992703200,1.05211058402785
6.3,359.00,86.54754139550001,4.12853739272114
4.9,125.80,144.58925060799999,0.21917594014627
5.0,205.06,149.27277409700000,5.99422014715036
3.4,10.00,2.10326877404000,2.93565276568655
5.7,8.00,27.71656731630000,1.81830367752788
4.5,10.00,5.83408703234000,2.54387021774156
6.3,119.00,144.83576166200001,0.21256927386641
5.1,32.28,80.95288550820000,4.44393301115139
5.0,10.00,47.52424958950000,4.13951080196770
5.3,10.00,15.03417921800000,4.83356946028026
6.1,122.00,74.53122784930000,4.50957660398224
4.6,35.00,81.85187006510000,0.27831803104334
4.0,2.00,12.56419019340000,2.85018592540786
5.0,8.50,61.51767502730000,6.06826148799037
4.8,10.00,64.86933750480000,1.03670794321072
4.8,82.83,83.36655936139999,0.39600870693227
4.8,589.95,147.48197714200001,6.07948951883058
5.4,45.54,94.29870805300000,4.11775363039718
6.2,9.00,78.43325821030000,0.16892270182336
4.6,537.93,147.20950548900001,6.08426816497319
5.8,8.00,86.00423201030000,1.92342932334009
4.8,616.95,150.51248452199999,6.08551171941889
5.3,10.00,22.75823440250000,1.93490434967406
6.2,41.00,131.16135442800001,0.56122468781567
6.2,18.00,82.47264531120000,4.50093725094420
4.9,10.00,82.63455308390000,4.50291134987060
5.5,18.62,82.41875663880001,4.49998579243622
5.3,10.00,40.39554166710000,1.64911688791994
6.4,7.98,77.53492353350001,6.24906936741946
3.7,10.00,9.03720433444000,2.59870718644102
3.6,2.00,2.52452771146000,2.87616577744478
5.9,383.00,93.16827273840001,0.53554773738918
4.9,47.02,82.33002475150001,4.49276624189983
5.5,10.00,93.52493827360000,0.69211924791210
6.5,38.00,110.13891111600000,3.33550645134556
6.0,18.00,85.17360706990000,0.41225464244982
5.0,40.41,83.59367444620000,0.38144986532568
4.8,584.06,81.81084324880000,4.30795789001841
4.8,9.30,61.52352388630000,6.06817384300523
5.0,341.30,161.19348539900000,6.06498467009726
4.7,10.00,51.04530738600000,1.62157325963270
4.9,504.82,155.04622260299999,6.11187100604675
4.8,617.13,149.31631361900000,6.06104535216712
5.2,10.00,74.53022241830000,0.10693847450155
4.8,610.70,147.31520775100000,6.06482410773877
5.4,10.00,151.90337556000000,0.00160418550130
4.7,56.28,130.78300205299999,0.51145164464131
4.8,38.19,83.28453269409999,4.48121937386929
4.7,10.00,151.47787891999999,0.16304202426271
5.4,10.00,85.03635555440000,0.40581194253587
5.5,10.00,69.16891999820000,5.68914489325670
6.0,385.58,153.98601840000001,6.05698755880170
5.9,14.00,74.21611237450000,1.12143213655393
4.7,27.34,69.07578068639999,1.24353699604622
5.0,441.63,149.93598471100000,6.04858498848062
5.4,110.52,83.12799939890000,0.40605565159049
4.9,23.34,62.71469695120000,4.37225939801339
5.5,10.00,17.86134077850000,4.46817521074176
4.8,31.29,27.91404123290000,1.91213080429313
6.3,10.00,64.08338759730000,1.82807177357930
5.4,10.00,48.27011338890000,4.16816531768290
4.8,194.67,149.07612772600001,5.98379289747977
4.9,10.00,74.54188019660000,0.10692686621283
3.0,10.00,2.54565988370000,2.83162121902731
5.1,35.97,83.12277340380000,0.35803163734308
5.1,116.26,129.71411040600000,0.67875311061040
5.0,219.36,148.67906122100001,0.17442562948763
7.1,146.00,130.61708632400001,0.67099534493039
5.1,43.01,78.96210748220000,0.21912317417229
4.7,62.92,82.39118781230000,0.33013310185207
5.2,42.71,78.70357769860000,0.21694132699745
5.2,93.61,145.61242550899999,5.95552220574828
6.2,22.00,89.53094998950000,0.61906883091569
5.8,105.00,149.13051080899999,0.18560721901960
4.9,117.21,144.59164265100000,0.20956365804539
4.9,10.00,151.10618087000000,0.20231248734841
5.2,10.00,39.47553135470000,1.62028119848108
5.5,86.00,163.95238813099999,6.03453096176882
6.0,19.00,75.57951460930001,4.64755380146350
7.6,10.00,130.09611249500000,0.51667193279149
5.2,39.12,82.97326728829999,0.33587922494659
4.9,136.43,80.36045111030000,4.44234162811231
5.9,21.00,130.73154568600000,0.51155912601022
6.3,20.00,151.11203778500001,0.17290270113243
3.0,5.00,2.19162308076000,1.40223210894375
6.0,16.00,151.15803751999999,0.17988033649923
6.3,20.00,151.02270655400000,0.18284974843346
5.1,10.00,151.10965894000000,0.17592213751938
4.9,10.00,151.07588853600001,0.17412541005344
4.9,10.00,74.48485752240001,0.09407456874921
4.5,20.25,151.09588561300001,0.16995354287114
4.4,10.00,151.06981265400000,0.17306162574193
5.6,29.00,84.38298772050000,1.30677749820091
3.2,10.00,7.82855259498000,1.08227352219471
6.0,30.00,78.26660845460000,6.20750038280660
5.7,19.00,151.10545995499999,0.17234202107213
4.8,10.00,151.12845862500001,0.17821671941427
5.0,130.99,150.08950248200000,0.16766340247614
4.5,10.00,35.79559261030000,1.41174417269602
4.8,35.27,79.28346980760000,0.21528801830579
4.9,30.01,89.14023524700001,0.48162902418163
5.7,145.00,148.38278623100001,0.18534614435640
8.0,122.57,82.10851457590000,4.38238996888319
4.9,580.84,150.37629746400000,6.07775552814109
3.1,15.00,1.89573942535000,3.72853191062515
5.8,64.00,67.67495411320000,5.97647874622721
4.9,78.13,150.59304841200000,0.15947393359962
4.8,150.87,81.23970736660000,4.39377628188499
6.6,57.92,76.24261036850000,4.78774273306244
6.0,177.85,150.67869857400001,5.99393433319757
5.2,10.00,20.38707403280000,1.89393154423037
4.9,10.00,20.47980669340000,1.89390850422739
4.9,10.00,20.35749460680000,1.88767984380638
4.7,10.00,20.42498975440000,1.89579193423489
5.0,10.00,20.38219096330000,1.89125780888521
6.4,422.00,94.61026071500000,0.53582716611941
5.1,10.00,74.66439904850000,0.10971402896048
4.7,10.00,19.65949088550000,6.05209334487080
3.9,10.00,5.84112104213000,3.58759608431799
0.7,2.60,0.13436620447500,2.15070620435299
5.2,80.71,148.25615341200000,0.19260943701218
5.7,105.00,122.27435549000000,0.95959260894816
6.1,13.00,149.68188905400001,5.93027107118402
7.3,46.00,159.70590579200001,5.98250549972505
5.8,6.00,79.99740473830001,0.99509239632275
5.5,579.00,155.07200885600000,6.16252936755065
6.4,12.00,85.78375853400000,0.47140393301314
5.4,10.00,151.76206417700001,0.17583869792650
6.4,30.00,159.54031942200001,5.97337488959855
4.9,107.44,81.11209106580000,4.41192671965576
5.5,47.69,146.16349605700000,5.94303193043891
4.0,8.00,4.29659118128000,2.35215174475819
3.1,2.00,4.37788719578000,2.33842056939487
4.9,500.26,151.68856535500001,6.07650074198996
5.2,46.43,89.38970615260000,0.48826927529183
7.3,212.00,121.92629721100000,0.99271760634524
4.5,9.02,15.88747375570000,5.92998368246164
6.4,10.00,73.16567897480000,0.10833089983789
4.6,10.00,85.13759089120001,4.35305679548273
6.3,10.00,73.17535678880000,0.10983142768522
6.2,32.58,75.65635089160000,4.64462514709279
6.4,410.00,104.85609566200000,0.51719642881738
4.8,10.00,20.52608498480000,1.89681802596836
6.0,91.00,144.66416813600000,0.21546573967631
5.6,10.00,145.25685110900000,1.72922485815649
5.8,596.14,151.54217008200001,6.09656567496852
5.3,13.90,56.98952751240000,6.00417920513731
6.2,10.00,68.44444764380000,5.70296123700048
6.4,10.50,75.49580106370000,5.39704074359219
5.0,62.43,130.82440054500000,0.50666415096182
5.4,6.95,75.48746858260000,5.39846808702825
5.0,0.88,75.50455875400000,5.39783563270287
7.1,8.00,75.49224627990000,5.39885047562693
4.5,6.82,75.45853279510000,5.40076146563547
5.4,7.41,75.42301577280000,5.40138066388426
4.8,1.90,75.45715846820001,5.40188107101991
5.3,10.00,73.15875880300000,0.10791459032800
5.1,10.00,73.22946666270001,0.10901958776938
4.6,3.14,75.54215644650000,5.39616927051050
5.6,99.66,150.42205507300000,0.16705468345728
5.1,10.00,146.98326553999999,5.94385386431359
6.9,35.00,114.48611113699999,0.96989100983140
5.6,19.00,43.98126617290000,1.63026448329813
5.5,436.00,78.93766163390001,0.35127807049820
5.5,33.13,75.78037575130000,6.09438066671187
4.7,517.58,149.73746690799999,6.06014589121592
5.2,10.00,51.26996524440000,3.41054674398979
5.0,10.00,147.11468790600000,0.22108452331109
6.0,495.17,131.45227231699999,0.46337984450721
6.1,251.00,90.25652585500001,0.68756700055762
4.5,176.97,54.34331002670000,1.28282732806349
4.9,10.00,15.26666451170000,2.53692739772608
6.6,10.00,126.31703008900000,1.28640428879252
4.9,16.00,21.23190418460000,1.88374153985177
4.5,391.84,144.58803678100000,6.06149071119695
5.5,15.00,73.73117191700000,1.15050020264312
5.3,10.00,23.61104504330000,1.91855628105602
4.9,10.00,73.70280368420001,1.15060073618712
4.9,84.68,150.39893735699999,0.16306436433936
4.8,144.19,79.21930839450000,0.24697585674890
2.6,10.00,2.87216740915000,1.80571572568042
4.9,144.08,79.99748971120000,4.43383742529188
5.5,35.00,163.04392412300001,6.00902589843814
4.8,309.00,144.88413742399999,5.99039285299935
4.8,117.39,54.64378904110000,1.27744786992471
6.3,367.00,90.18789160510001,0.53616338501007
4.6,520.49,146.19153166400000,6.11871876519111
4.7,10.00,74.20245612410000,4.64732192893980
5.8,59.14,91.50581719380000,0.49392296788245
5.1,10.00,151.79202464200000,0.15431919760838
5.2,128.62,149.96156429800001,0.16751661510026
4.9,75.22,26.27654702210000,1.96950729867748
4.6,10.00,20.41018536590000,1.89256795124859
6.6,181.00,145.47775452499999,0.20516275882039
4.8,172.37,81.59695623990000,0.33270595716378
6.9,49.00,108.21792408300000,1.37956955578090
5.1,10.00,28.10814077570000,1.91290222202466
5.2,23.48,76.18949427450001,6.07278090990501
6.3,38.00,87.20860443300000,0.44972750145281
5.1,226.29,54.50928478750000,1.27590073650704
5.4,7.72,45.58061046400000,1.63370605987926
4.7,442.03,151.46223407200000,6.07502052940126
5.9,150.00,147.29786657500000,0.19507787881313
5.9,124.00,144.73780360200001,0.21214356986525
5.8,226.00,53.85859331180000,1.29190748017830
5.9,11.00,27.49484722560000,1.79964031122110
2.2,3.00,0.24497504643600,3.82836154914582
4.9,106.05,74.15542520910000,0.14707414062862
4.5,71.43,26.32538408010000,1.94138351253356
5.4,86.00,84.24100586330000,0.43534803262045
4.8,535.99,146.98762501900001,6.08691677107453
5.6,206.89,141.76887760899999,0.21684643741782
6.0,115.00,143.49715081799999,0.22035273415510
5.5,215.14,149.01296744300001,5.98296651717713
4.9,10.00,50.59451083710000,3.95392622398623
4.6,10.00,50.46128969050000,3.95899407730371
5.0,61.45,77.08983247300000,4.51442400796863
6.6,16.00,111.83828495900001,3.34002239135575
5.9,23.77,84.47617391519999,0.41215225811658
6.3,10.00,73.83256818090000,5.59675174122049
5.3,10.00,40.93648701600000,4.27578281330168
6.6,591.00,149.66685195299999,6.07420161731712
4.6,600.06,149.79855406900001,6.06917696258999
5.9,10.00,40.79568818750000,4.27162411396374
4.7,592.69,149.50479645700000,6.07195504188993
5.3,35.00,81.30868119599999,0.26577407797144
5.5,10.00,16.81706882260000,5.03210492244245
5.9,27.00,149.56129284700000,0.19002565624697
5.4,10.00,79.10068153240000,6.19425640895822
5.7,9.94,66.34726121040001,5.84537477101803
5.0,10.00,49.36643128380000,2.02884021326197
5.0,123.14,80.63566597930000,0.26680235236319
4.9,261.40,54.15255046510000,1.28255661695314
5.4,67.00,74.50566173810000,6.08115335140340
5.0,10.00,18.69785214050000,5.14297792114761
4.7,10.00,151.36392294600000,0.19128452679028
5.2,63.10,64.75256746570000,5.98465256739999
4.6,16.09,39.55778828060000,1.60530785440014
5.0,66.13,82.35079651580000,0.33084295137366
5.0,138.29,130.64222993199999,0.54433715256975
5.6,20.00,19.19214037700000,1.88758218791684
5.1,13.73,19.12358367270000,1.88163474585005
5.9,65.00,122.63873420600000,0.97150269099629
4.7,299.64,17.10059990680000,2.05187466582178
6.0,10.00,57.80105844880000,4.56050388177045
5.3,523.00,150.14508471100001,6.06616120544014
4.9,10.00,27.85735758450000,1.97379857610811
5.4,10.00,58.43991268410000,1.30352491522424
4.6,10.00,7.81676582704000,0.49919350908677
4.2,10.00,7.92723882266000,0.50096476757826
4.9,548.09,147.03636701700000,6.09104320524951
5.7,8.00,24.79013746590000,1.73197447822463
6.1,34.00,159.20128870900001,5.97780562695124
4.7,110.96,149.39708827900000,0.17653298500007
5.0,86.91,82.47842245200000,0.32267937518482
4.6,606.55,149.88486113200000,6.08155238050651
5.0,202.56,54.19236849480000,1.28579649413292
5.3,100.77,81.97766367700000,0.34728340317080
6.4,231.00,148.45496453800001,0.17159620704338
5.3,610.38,150.04984734900000,6.08687938479962
5.5,9.00,50.53350767300000,1.63260307553071
5.9,29.00,143.57875151299999,5.93976694074798
4.9,10.00,151.19022438200000,0.19830504910205
6.3,10.00,51.90859598990000,3.33777615891940
5.2,381.92,148.61261429400000,6.04221904988715
0.9,0.20,0.18006366031500,4.73698781749722
5.5,10.00,145.90062922100000,5.91420416268519
4.8,22.43,20.45620180860000,1.89095679259616
6.6,10.00,147.36747000099999,5.98266425165602
4.7,125.15,80.13886508760000,0.26508847894230
5.4,10.00,50.49688011010000,1.63302583914738
5.0,9.80,72.35162503120000,6.00550638057218
5.9,20.00,38.92617116270000,1.53310587384961
5.8,43.00,144.13942083800001,5.93142953874282
6.5,577.00,151.35217094699999,6.09733568694664
5.0,117.35,83.59016230690000,4.37519048306510
4.8,10.00,8.63629036642000,2.21731690484842
5.0,10.00,17.60969147620000,3.10309166407516
5.8,499.00,149.99992958799999,6.04837766258564
4.7,10.00,36.46242288140000,1.55745019928759
6.3,15.00,78.20369336360000,4.84707268457901
6.3,496.00,75.06603188530001,0.22721669870605
3.7,10.00,8.89515339792000,2.64477704225953
5.3,128.96,149.60955038200001,0.17078492414638
5.2,10.00,82.65777065000000,0.34651037729910
0.8,4.80,0.93491429635300,3.94465385579615
6.3,20.00,78.03584539590000,6.17738878343324
4.9,10.00,78.73347822600000,6.21762220183843
6.4,22.00,19.08609488470000,1.88010019182205
5.5,10.00,18.99120469240000,1.87998539564401
5.3,10.00,17.14220122100000,1.83796263529947
6.0,69.00,25.03619874040000,1.99971281284855
5.5,564.12,151.48700002600000,6.09530258205928
5.4,19.00,86.27488483690000,0.42315468264794
6.0,28.00,78.38055968490001,6.20579164809165
5.0,186.14,89.62870811220000,1.34738099660806
2.9,5.00,2.98904221468000,1.82886727135848
5.2,8.69,83.48653679930000,0.33873118631966
6.0,266.00,148.51338806100000,0.16909290469299
5.5,36.00,82.00832804700001,0.30229534222722
3.4,10.00,1.45446111645000,1.01648159154468
5.4,10.00,18.61747477090000,5.05377702823538
5.7,10.00,150.25442934800000,0.20759287296014
5.4,57.87,27.08466238250000,1.93445324243128
5.1,54.78,79.34546320690001,0.23280977193335
4.9,113.41,144.60252483700000,0.21534549807731
4.8,10.00,151.99636861799999,0.15387387943662
5.6,616.36,155.88457550699999,6.15334405356876
5.1,49.32,84.71491406090000,0.42680050881936
6.1,212.00,54.09677149720000,1.28728989429974
4.7,1.90,69.97036101980000,5.95756926883576
4.7,602.05,150.16632651399999,6.07774776692742
5.8,10.00,78.07707619460000,4.84113032557307
6.0,572.44,92.84405637280000,4.00695284085605
6.3,6.58,68.77273977460000,5.69113605762143
4.8,10.00,151.42664301600001,0.05470920862781
5.0,9.84,151.69737900300001,0.04557034678036
4.6,10.00,151.74627973800000,0.04490148032460
4.8,546.90,146.74095274900000,6.09288743189952
4.8,10.00,47.08528982860000,1.65654142825259
5.6,13.82,57.26590842830000,1.25572036659651
5.0,58.46,76.23981509450000,0.17083198963517
5.4,10.00,145.66026316500000,5.90998449247922
4.8,37.99,78.36649321210000,6.20614836187125
2.8,6.00,1.64766435601000,0.61303129762156
5.1,10.00,76.41423215010001,0.04938388418891
5.5,10.00,49.26972531930000,1.44683341029932
4.7,186.23,84.30874158029999,0.46263694649653
1.8,8.00,0.55077526640600,2.26521773991344
5.9,87.00,77.11126357019999,4.89306616234278
4.9,38.51,40.91919006970000,1.40812507373344
6.4,8.95,58.42407073100000,4.53758905965833
6.6,7.00,58.38377628510000,4.53762434648526
4.8,144.12,57.03835686920000,4.41893956453035
6.4,10.00,67.33855980040001,0.03416617448697
5.0,119.76,144.55954362700001,0.21529346962635
5.4,15.52,145.80106256200000,0.22217346520742
5.9,5.00,58.37900332390000,4.53902895981401
5.1,10.00,21.85606296620000,1.97749696638229
6.0,5.55,55.97064644440000,1.16206169131512
6.1,121.72,113.72705203900000,1.01469512067108
5.5,10.00,146.20456543700001,6.19373201735658
5.5,51.91,74.25662384109999,0.14030859865912
6.2,10.00,77.57399582910000,6.20422337088510
5.5,10.00,53.06415773060000,1.23202841891386
4.9,10.00,15.53859695120000,2.55462690263210
6.7,10.00,33.11511105330000,1.63411476222376
5.6,15.14,78.59828663140000,6.22598064009863
6.1,17.00,78.51047748560001,6.22565742751378
5.2,23.10,78.52741047320001,6.22584125817738
5.8,24.72,78.47260495990000,6.22409772304687
5.4,39.87,78.40150219930000,6.22590388354843
5.7,35.00,78.55978990760001,6.22624664691266
5.4,91.00,82.85591908380000,0.36235621940113
7.7,14.86,64.86468774350000,4.72435480215256
6.1,10.00,66.48214540680000,4.74466010414095
4.9,214.87,74.17104085290001,0.17004344246474
5.5,10.00,28.17764843680000,1.91393247064207
5.7,10.00,28.09856717700000,1.91535770760895
5.1,10.00,80.43565040180000,4.40678119316790
4.8,122.12,21.51075549140000,1.56680234161354
5.7,574.81,154.96310657600000,6.15597150646799
4.9,128.66,54.55291478640000,1.27771528992330
5.0,42.07,85.45755036460000,4.45784028051080
6.2,592.42,112.40159948100001,1.24570294265939
4.7,10.00,21.65250284190000,1.92410530482276
4.6,623.54,142.85238337800001,0.12696332966446
5.1,552.01,147.10766284700000,6.08559583364215
7.0,143.00,81.50979068460001,0.31495009223074
5.2,49.57,78.94890114450000,0.22233398843064
5.1,8.52,51.08758985360000,1.62354529861625
3.7,10.00,1.92423597659000,2.93370466217785
5.8,32.00,75.34744934910000,0.15147074618568
4.0,5.00,7.25962907639000,0.69103061580200
5.8,10.00,36.52824677220000,1.55959209036433
4.9,168.39,81.29305510160000,0.32124637520930
6.0,10.00,36.47191221380000,1.55899241126808
4.9,522.40,147.05647821299999,6.09451185903814
4.8,10.00,16.55673582930000,3.63731029346457
4.9,537.31,149.94442106100001,6.06210278458473
5.7,19.72,78.53588347340001,6.22519212467644
6.4,11.00,156.00056082099999,5.92111936031058
5.4,10.00,50.63232911140000,1.62483119054403
6.0,10.00,144.22668780699999,5.91144215490934
6.1,176.00,142.31412050500001,0.22000659931628
5.7,11.90,68.89482683950000,5.39481533246354
6.2,20.68,117.57092784100000,1.27354180953781
5.5,10.00,61.06151641890000,0.89952558753822
5.7,10.00,21.07433034020000,1.94052655653812
5.3,10.00,14.64015818700000,1.73020636845891
2.3,16.00,2.18663730430000,0.65303827790812
7.5,57.80,79.67626337140000,0.19921398927175
5.0,186.74,73.14363761830000,0.14928018311287
5.0,10.00,16.37519349760000,2.57126771664469
4.7,149.06,78.47876266860000,0.23407314747343
5.3,10.00,51.18015219060000,1.58697045341709
4.9,54.92,83.48029232530000,0.41500484968868
5.8,84.00,147.12414428500000,0.20187960739001
5.7,10.00,150.84191255299999,0.18151790111819
4.8,86.93,74.91278019580000,6.08360311618215
4.9,214.05,54.39947115980000,1.27788317277298
6.5,12.06,67.54034884559999,5.47204258887868
4.8,86.86,73.50616641420000,4.52015033316187
4.7,10.00,35.72570581750000,1.56173020582114
4.7,12.73,32.35931530900000,1.75350272556128
5.5,14.00,74.65526509119999,0.09125942170741
5.5,422.00,144.93016812799999,6.06454522962816
4.5,228.21,54.60150289350000,1.27808508300797
4.9,37.72,27.23050113810000,1.95344292435643
4.8,58.13,88.19370486910000,0.48010252376547
4.6,10.00,36.44879135740000,1.56060539866552
4.6,46.30,83.58441267780000,0.42081655879444
5.0,52.46,79.90179019220000,0.24051951616750
5.0,51.24,81.98383141879999,0.30408923367039
5.0,41.41,77.85287219730000,4.87481901643724
5.7,53.00,69.94174512570000,4.53605051168259
6.1,12.00,71.11125386330001,4.78503261081760
4.5,10.00,11.21057767710000,1.99138977658196
5.9,10.00,78.16699395880001,1.19317232557689
4.5,10.00,18.33664990090000,5.04824689357758
5.4,7.30,70.54739965520000,5.96575819062280
4.3,149.02,80.52383134010000,4.44433760360492
5.3,10.00,18.44791786710000,5.04702061064580
4.4,6.20,70.53302612460000,5.96691493752289
6.6,453.00,96.68873048600000,0.53621705387463
5.7,473.69,96.59628291369999,0.53664776058853
6.3,38.00,86.25500756520000,0.43765297957777
5.3,124.35,144.57104626000000,0.21477164435763
4.9,530.73,152.82490874199999,6.09291000475654
5.3,10.00,81.49485772650000,0.25728754740559
4.9,84.26,150.62595182300001,0.17601832419916
2.9,8.00,3.25470702652000,1.77951852706665
5.5,39.74,150.83880992700000,5.96513811620207
3.3,10.00,5.25501365481000,0.96889622668141
4.9,10.00,81.36935721970001,0.25954608084793
5.2,53.34,83.78579178800000,0.42268327283629
4.8,83.71,144.00038874699999,0.21951816294404
4.8,57.93,27.70627372220000,1.89163677029098
4.9,10.00,21.97908269360000,1.54872906697551
6.1,19.00,132.96497151500000,0.49859618723986
4.9,225.97,147.50492867899999,5.98646896592549
4.8,616.85,147.97878632999999,6.06055439622423
5.0,10.00,83.95580956280000,0.38190360283959
5.2,10.00,144.74068346700000,5.92865833649081
5.0,36.51,74.69236302320000,0.13857777757047
5.0,10.00,50.94779585060000,1.58708998266284
5.4,9.00,58.30983401670000,4.53705121539826
6.5,10.00,27.56216722220000,1.98633127006380
5.3,10.00,27.43765903700000,1.99274263765556
5.3,10.00,27.54682338090000,1.99031874741495
4.6,517.81,147.08185413600000,6.08893756189535
6.8,96.00,122.56632388400000,0.98614732327690
5.3,22.82,82.88775590320000,4.40317601646963
6.1,471.17,131.14341337600001,0.47287138584074
4.7,123.85,84.21478064650000,4.34762073617360
4.6,38.56,82.79999552000000,4.40251169947526
4.9,67.86,73.85346157780000,6.05786000259061
5.3,10.00,56.34680258240000,1.12794182038764
6.6,107.00,141.20168809699999,0.22594213688575
5.2,243.29,149.78321248099999,6.00879609628481
4.8,64.58,77.49532696839999,0.18903417409170
5.1,606.73,151.04304570599999,6.09213398036770
6.5,2.70,73.71673550260000,5.42817904747404
5.9,170.55,145.33733984099999,0.20443201939661
5.3,85.90,146.13911206600000,5.95641307873553
5.4,459.12,154.89286448999999,6.09985806793673
4.9,1.00,21.53163154290000,0.45599768468276
5.0,10.00,74.28266302999999,4.54287678959958
5.1,41.67,144.48626770199999,5.94974718949631
4.7,8.50,72.48694502600000,5.99154332181870
5.2,165.31,145.60265367599999,0.20470153355191
5.7,13.45,23.75839017950000,2.08890233262751
4.6,486.29,146.91471890800000,6.08393483090762
4.7,10.00,152.08672457800000,0.13927693274905
5.4,10.00,81.41747519250001,0.25675822242895
3.1,2.00,3.32819269212000,1.76396667500953
6.2,9.73,146.77986742100001,0.21454866454127
4.9,10.00,146.55382473700001,0.22433400726755
6.0,10.00,150.74145218300001,5.92961122934198
4.9,163.03,81.13210079740000,0.30479370594987
5.0,594.75,151.13969880200000,6.08319551440496
5.3,10.00,146.63435888399999,0.21805446222644
5.6,89.00,83.35044343600001,0.39383592639655
4.6,608.73,147.47345426499999,6.05825523977303
5.2,10.00,50.80574487800000,3.94194809469132
6.1,186.00,87.12303054260001,4.22093352154792
5.8,128.00,152.83721642200001,5.98773274042558
5.1,255.55,148.44348796099999,0.17159634706177
6.8,112.00,92.35588847100000,4.10975872774044
6.0,69.85,153.61189555999999,5.98538765572245
6.4,112.86,113.50015945700000,0.91269870427519
5.9,47.78,130.99336456899999,0.54777450160149
3.0,2.00,2.38139427293000,1.80988630061765
4.9,530.00,147.13221074300000,6.07192859988817
4.4,548.49,150.39627680900000,6.07947264778850
5.5,10.00,49.10099545330000,1.64713826342290
5.7,10.00,49.18006093370000,1.64680811362303
5.9,541.31,152.98971279300000,6.13369436851671
6.6,165.00,90.74184977490000,0.68996995783109
4.8,14.47,76.44893047860000,6.07557400381681
6.2,622.00,105.96367327900001,0.51043295855208
4.9,10.00,49.07703544570000,1.64835871912409
5.9,10.00,33.60064025550000,1.58517077005651
5.1,10.00,63.05711121040000,1.48406382156767
5.2,10.00,49.11469490320000,1.64646943701191
5.1,10.00,79.56351256799999,0.19406156101409
5.5,10.00,33.62676102210000,1.58462406786105
5.6,127.00,54.32943663330000,1.24674441879727
5.0,10.00,146.54991073299999,0.22118817787481
5.0,229.31,54.36480977450000,1.27866113393117
5.5,10.00,37.84111693410000,1.95567164194684
5.6,281.59,144.92142987200000,5.98896278892988
4.6,10.00,19.49700685210000,4.35478900748561
7.4,10.00,162.22622415300000,5.93855685049896
5.6,544.04,146.79917839999999,6.09761389291501
5.4,10.00,17.43423195370000,5.96009093622174
5.7,10.00,17.51044963050000,5.95683975430190
6.0,10.00,17.55401355870000,5.96334799245333
7.4,20.00,78.45501807709999,4.90677281260205
5.1,169.38,80.16369703440000,4.45932474374170
5.9,28.88,89.21057540210001,0.47040937930914
5.4,10.00,36.17403520070000,1.56384519037077
5.4,10.00,36.21214248430000,1.56213615464737
6.3,10.00,61.92547576430000,1.16896765425425
5.2,10.00,25.78826482080000,1.80869745096206
4.5,2.00,2.74330744765000,3.23967462698277
5.1,98.54,148.94563521699999,0.18193986257056
5.2,35.00,83.13254164000000,0.33568193987325
6.7,538.73,110.56557235299999,1.27530953500510
4.9,15.00,53.60166165440000,1.60858855381047
4.5,488.62,147.29904929899999,6.06103929413310
5.1,3.40,70.56646557400001,5.96908467773885
4.9,131.87,81.48614950299999,0.30802032720794
4.5,525.17,147.45332169599999,6.07416509839579
4.9,41.08,84.54068801240000,0.41138324493214
4.6,10.00,145.74080124000000,6.05473714979917
5.4,158.76,75.27562626580000,4.73461497453664
5.0,46.16,84.23887496570001,0.41604192943719
5.1,10.00,146.52474078899999,0.21547359770235
4.9,608.89,156.16761131400000,6.15222369796841
5.8,5.66,75.88443720879999,4.62183745254201
3.7,5.00,4.63011662925000,2.37566378021140
4.5,453.38,150.06755740099999,6.05854550821826
7.0,79.79,131.93242848300000,0.65115788820170
5.9,73.82,90.76668308000001,4.16252403050309
5.0,133.86,81.95911952050000,0.33598952944659
5.7,13.82,86.98526191569999,1.30048261410005
4.4,10.00,150.34248789800000,0.19087422060069
4.5,10.00,16.52944979180000,5.81206794786910
6.0,602.12,150.13009359899999,6.07198269282950
5.1,89.30,67.11244600980000,4.53115457179196
7.8,28.00,72.40566679260000,6.01142050706726
6.1,17.67,72.58748183920000,6.01611282592412
5.7,26.21,72.77394824050000,6.01358230096837
5.8,36.71,72.36421001690000,6.02096731635343
4.7,34.80,72.40020865990000,6.01331400186701
5.1,35.46,73.04063759260001,6.02970315973498
6.3,10.00,66.25340611340000,1.15300427061995
5.5,34.56,72.35537968890000,6.02017150571379
4.9,39.54,72.40018051510000,6.02362851574910
5.0,38.92,72.94744293550001,6.03223046959561
4.5,42.03,72.36758975040000,6.01931707745560
5.0,43.02,72.86380745810000,6.03319667281893
5.4,565.95,149.74791492500000,6.06847112168657
4.9,35.00,72.89695288490000,6.02730473262579
5.5,44.13,72.66596751509999,6.03141879432795
6.1,41.26,72.99073713910001,6.03695454951820
5.0,40.46,72.75837948730000,6.02987001186673
4.8,541.24,147.95985055500000,6.05718595497118
5.6,40.32,72.76117546760000,6.02930704790933
4.9,47.58,85.52665696730000,4.33073547797752
4.8,37.12,73.09452061259999,6.03583203418151
4.5,599.69,149.99711611800001,6.06997713356277
5.0,1.80,72.52611534060000,6.00717173955913
5.7,10.00,147.44412649800000,5.92660407539046
4.4,573.02,149.67751746499999,6.06387694799655
4.9,573.75,149.96563219900000,6.06723199269603
6.4,479.56,107.63126441400000,0.93633133039837
5.6,10.00,151.86466212700000,5.96798181760260
4.9,131.24,144.69016073300000,0.21184079857820
6.4,174.75,145.40272858500001,0.20238341947084
5.2,4.77,73.25728756389999,6.03621115229902
5.1,177.42,86.72004832150000,0.48912808961345
4.9,81.90,76.36673491670000,0.17435608703593
4.9,10.00,15.96667841060000,2.52920908429652
4.5,557.68,150.43675139199999,6.06981902357549
5.3,24.70,72.57868904650000,6.00754846614790
5.5,42.11,73.04826248620000,6.03877379170408
5.1,3.70,54.47459345390000,5.00103705052689
5.2,32.60,72.27808734640000,6.00591758633569
6.0,15.49,69.42472226670000,2.29532203108674
5.0,45.86,79.43063685600001,0.23273705813541
5.6,13.15,56.97938271670000,1.47377293845932
5.7,10.43,74.77262554580000,6.05650669024168
4.4,559.27,149.30232788800001,6.05635759957790
2.9,2.00,2.17271554375000,1.79975097602060
5.7,10.00,77.94903579069999,6.12820219382808
5.0,93.46,24.49771817860000,1.95099918736685
5.0,592.68,147.37801868700001,6.08026387472025
5.0,41.50,72.32877952310000,6.00520347035607
4.7,605.52,150.70733942999999,6.09128591620962
5.1,45.41,72.77799994650000,6.02886697561311
2.9,5.00,2.64322654367000,1.84759997035660
2.9,5.00,2.68661059508000,1.84992941720742
6.9,627.33,119.00651946600000,1.09061353212911
4.9,10.00,146.61074994399999,0.20857711985655
4.5,35.00,74.69687509350000,6.05707460605595
6.0,27.24,75.96875317120001,4.68285255644078
5.2,42.49,150.57035049900000,5.96376196982750
5.5,33.21,84.11152703480001,4.47831949189640
4.5,10.00,21.72017300010000,0.05167855981229
-0.1,7.00,0.17019796415500,4.82631751764211
4.8,407.33,144.42692830499999,6.10955515380065
3.7,2.00,7.79990087250000,2.80418723705200
6.5,10.00,53.65919970120000,3.68786524107377
5.0,35.00,146.40879229399999,0.21169886977033
1.7,10.00,0.58810999362300,1.65788377570174
5.0,10.00,48.94963055760000,1.64832275590518
5.8,10.00,147.10543377900001,4.17457265381365
5.5,10.00,70.20885808700000,0.15207621523329
6.8,23.00,97.66253083070001,4.09714022593704
3.7,5.00,10.29259953580000,2.45379979763198
6.2,8.24,146.36209757200001,0.22158835220636
5.3,10.00,14.88038847250000,4.69458794230313
6.6,10.00,50.27204766100000,3.90047829265265
4.4,40.00,14.71269152550000,3.15935103180794
6.2,10.00,146.42858797400001,0.19415816339443
5.9,174.05,120.97802480199999,0.96626009254120
3.9,10.00,3.20742522217000,0.99183045304535
6.3,51.00,91.57708659959999,4.14754360263043
5.6,556.57,147.13953962599999,6.06986081222487
6.1,32.09,86.44831345500000,0.43538124772390
5.9,10.00,146.48357337799999,0.21867870292541
2.9,10.00,2.33126382209000,1.83415883355588
3.1,10.00,2.35608493311000,1.84861117218656
2.7,10.00,2.34978386659000,1.83163367690582
5.2,140.81,122.30189038899999,1.01502860023403
2.8,0.00,2.32675022525000,1.79893766473778
2.8,0.00,2.33760279800000,1.82433815207667
2.7,10.00,2.30370486032000,1.82435608746774
2.7,14.00,2.34379082435000,1.82352017038986
4.6,550.21,149.99065955000000,6.06556632794196
6.4,329.73,72.90471198860000,0.16671899354426
4.8,51.16,83.30460132880000,4.47798011400045
2.9,2.00,1.93985087540000,2.93631650821510
5.3,10.00,69.49451723540000,1.23230229748313
3.5,8.00,2.53405932586000,2.06300091299528
5.6,118.79,151.93347334699999,0.11768450826007
5.2,91.29,76.66457650800000,4.85206255686962
5.7,10.00,49.92575535160000,3.89872325698370
5.6,10.00,145.67235546699999,6.05311386951118
5.9,44.49,26.76763633580000,1.97254126933467
6.9,10.00,52.68794588640000,3.62914988361105
3.4,10.00,6.28558967156000,2.25192598031505
4.9,173.94,122.42743482600000,0.99391329892789
3.0,10.00,3.22290491950000,0.99422439090021
5.3,10.76,22.95214394950000,1.83473597032554
5.6,13.77,76.98724879260000,6.11573955003528
4.5,574.82,151.62921486299999,6.09475501687608
4.5,10.00,7.79252224695000,2.80918320829202
3.9,2.00,7.82008847571000,2.80004161800495
4.4,10.00,7.77923415378000,2.80648047817045
6.4,35.00,148.05479850200001,5.94498972553128
5.1,151.86,26.44172379960000,1.89099081099086
5.3,10.00,22.39173218650000,5.88345798857111
5.9,30.42,72.80752912680001,6.02387693882832
6.0,628.52,147.33989281800001,6.08237067837258
5.7,36.99,76.04838436599999,6.10199730971337
5.2,10.00,146.37937937500001,0.22637198184533
5.1,10.00,26.90411186210000,1.93517713967676
5.2,10.00,26.87067059620000,1.93593921912286
4.9,38.89,40.71709545590000,1.43882275893296
7.6,33.25,73.00041732260000,6.02057953445066
5.7,34.39,72.94183106550000,6.02072341569714
5.5,15.52,73.35324766090000,6.01864031937208
5.9,37.33,73.22598427360001,6.02267058909527
5.6,13.78,73.30799640520000,6.01901781425348
5.6,10.00,16.47061836400000,5.81149884651145
3.2,2.00,3.69114640742000,2.53628939395734
5.9,10.00,147.46191738499999,5.89173569057275
5.2,6.58,22.34589021990000,2.01535164961383
5.8,237.63,149.87080849000000,6.00901584807680
5.1,10.00,18.66782542700000,5.04523296735313
4.0,5.00,9.90086964053000,1.80853069630108
5.3,580.10,150.18015649099999,6.06955603302713
5.1,31.28,73.05203669549999,6.02037367256544
7.0,21.00,25.70700595930000,1.85572616304228
5.6,10.00,21.31574762610000,0.02588260147989
5.3,10.00,21.24445247800000,0.02625281878334
5.1,21.42,73.43440369330000,6.01984022033800
5.5,16.47,84.61225004020000,0.40942800416140
5.2,16.83,84.71452224580000,0.40863105712685
3.3,1.00,9.40498988625000,1.95889658773759
3.9,2.00,9.92957734326000,1.81994874746331
6.0,416.93,148.90537148999999,6.04531968899385
5.0,8.49,19.75918455830000,1.84373540318640
5.5,12.05,56.32017402880000,1.42036208598262
5.5,40.67,148.93973156999999,0.19672402442965
5.4,10.00,150.78643068900001,0.19687275915812
5.2,10.00,16.09839555110000,2.49986833607276
4.9,10.00,42.80291553490000,5.84268430496159
4.4,226.53,54.56795317680000,1.27884653216153
5.3,48.00,78.51254834309999,0.21108524578800
3.0,15.00,1.62719206509000,2.99719518072337
5.5,30.89,76.05118631969999,6.10317740374050
4.5,560.08,149.83518823399999,6.06862450179592
6.4,586.95,77.20208363899999,0.39306510140550
4.0,11.00,9.37067415047000,1.68077750866713
6.4,23.00,75.99224018680000,6.10268535467079
5.7,10.00,72.07664161110000,5.92368710321029
5.3,82.75,30.04058824070000,1.81418499918915
4.6,120.00,144.57297128499999,0.21335868452485
6.1,97.60,90.32510550680000,4.14713662825477
4.5,10.00,15.43055832000000,3.37207841492889
5.5,59.58,85.09078629170000,0.43088595468337
5.8,10.00,22.11886229830000,0.08238536027554
6.3,35.00,84.55360159660000,0.41877819125887
5.7,10.00,145.57972012499999,6.06050238435069
6.4,10.00,15.03025050570000,1.75403757491342
6.1,17.08,78.45740858329999,6.22515041121864
5.8,47.91,133.89154173899999,0.46643359065400
4.9,10.00,15.00102414810000,1.75512051162330
5.0,547.21,147.12186888100001,6.08868875610656
4.5,67.94,80.14468963980001,0.25097068534422
6.3,224.00,158.67748653900000,6.01851923093208
6.1,117.74,150.20263746000001,0.16577679399984
5.5,183.67,145.44676241799999,0.20687876447662
6.1,217.00,92.02736982830000,4.07796186522946
6.1,160.00,145.29861925700001,0.20865409006580
5.6,617.05,117.72835275100000,1.14624007258762
5.1,36.00,74.52296155840000,6.06092754341976
5.4,10.00,20.56873228590000,4.29056041293268
6.7,10.00,60.47575486960000,0.76605761297081
5.9,211.45,81.22667884770000,0.43217815013121
5.2,10.00,22.51217391190000,1.94055832764982
5.5,8.00,50.85896682330000,1.63488881967197
5.5,191.67,54.27555289860000,1.28427557292135
5.3,161.20,143.78866259700001,0.21722681387496
4.2,2.00,13.02083202500000,1.64319656901889
4.9,68.47,31.83317294910000,1.80698169338664
6.9,9.58,119.05473566000001,3.57252184970249
5.1,35.00,73.57918112500001,6.04438661867252
5.2,100.14,130.43508996400001,0.52912470119578
2.8,8.00,2.82149324249000,1.78532177986279
5.4,338.72,159.55042451200001,6.04210758468238
7.7,10.00,152.85413818100000,0.12101830614603
6.1,10.00,152.40998746400001,0.13372694906358
6.1,10.00,152.35119886000001,0.13112383001925
5.3,10.00,152.33271759100001,0.13374357929350
6.4,10.00,152.87419440200000,0.11633373814269
5.6,10.00,152.82293071300001,0.11803689168146
5.3,10.00,152.42319994600001,0.12790215251978
5.9,10.00,152.82072450000001,0.11493202330714
5.9,10.00,152.83658666700001,0.11379330381680
5.7,10.00,152.83016003899999,0.11808022615832
5.9,91.62,54.96314220700000,1.22710331186395
5.3,72.00,83.81883563990000,4.46933057602057
5.3,49.70,69.77952123890000,5.98992592245689
7.0,54.00,87.38550050100000,0.44514178297631
5.8,10.00,152.87964731899999,0.11359020229426
6.2,10.00,146.99844576400000,0.22800271946721
5.4,10.00,146.90066633000001,0.22055137969597
5.7,10.00,147.01942921500000,0.22296923113146
5.5,10.00,22.47472562250000,1.94090747499247
5.2,10.00,146.82607259299999,0.21438671661529
5.4,10.00,45.74927816930000,1.62142997187499
3.1,5.00,3.01823051100000,2.59253246412886
6.1,12.63,152.81228972700001,0.11131099435652
6.2,10.00,148.24470208800000,0.22101556934839
5.6,6.67,146.68045259700000,0.21867695273482
4.8,10.00,16.43660657250000,5.82414760578827
5.6,553.86,147.74421945899999,6.06354176589945
5.2,10.00,16.49906210420000,5.81225079101298
5.3,42.10,64.94041424010000,5.97412568034425
5.8,10.00,146.91006177400001,0.22708169567548
4.9,10.00,16.49790439810000,5.80779049573743
4.7,10.00,16.48168435230000,5.80798418264297
5.8,27.65,82.87118259430000,0.33638533986937
5.2,10.00,147.00421683299999,0.22976196564646
5.4,552.27,150.43922051700000,6.07617306601334
6.3,10.00,21.74402547440000,1.88994442408124
4.9,10.00,21.83227782200000,1.89186616674485
5.3,7.55,21.79927505560000,1.89057713506660
4.7,149.55,80.88297687780000,0.28704663911157
7.3,20.78,166.90309051099999,6.01130965711426
6.1,172.14,143.65016715600001,0.21798013128944
7.4,55.57,158.65128150600000,5.98288509413767
5.6,10.00,21.72844406570000,1.89149914851339
5.0,10.00,21.52370426430000,1.89039171599626
8.1,19.40,158.66028937600001,5.95843398660552
6.1,10.00,157.22439578400000,5.94873737791948
6.2,10.00,157.30049908300001,5.94683615815464
5.1,62.90,77.79921688140000,0.19411717003309
4.4,11.58,21.63782664560000,1.88931072739400
5.2,10.00,16.49758904500000,5.81026417690897
4.8,223.80,148.20577976499999,5.98761204437526
5.1,10.00,16.48779219740000,5.81011823209781
5.8,488.06,149.31080769900001,6.04703212164149
5.8,557.55,154.72402673799999,6.15649752504601
5.2,160.81,145.25869888700001,0.20568585683761
5.6,10.00,21.60017725260000,1.88978814971606
5.4,10.00,16.49303584910000,5.81224313029176
6.6,22.06,74.57781463910000,0.12232348747752
6.0,8.00,15.23705509990000,2.56853381960128
5.2,10.00,15.24656731470000,2.56243582382878
4.7,10.00,15.37660348900000,2.56529786793163
5.7,10.00,70.64437432970000,1.09883247594793
4.5,39.72,85.10353019620000,0.42476535030454
5.8,10.00,14.91111297350000,4.66234608130069
7.0,54.00,86.53966609790000,0.44529794438315
5.1,10.00,79.44308897660000,0.21502141081238
5.1,10.00,72.02942616320000,4.43296259780013
4.4,10.00,20.83017621180000,1.90426942492968
5.5,590.67,155.68895225099999,6.15133681538943
5.2,10.00,21.11576611240000,0.00899902614123
5.5,10.00,16.45409710670000,1.92251172198171
5.7,40.00,90.67945862009999,0.49223119249196
5.6,10.00,17.46057610420000,4.48250523726924
6.0,597.77,151.26044012000000,6.09203731720875
3.4,7.00,5.01915866065000,2.35499558043744
5.4,10.00,72.15233141010000,2.80136264026597
5.3,8.66,39.20059551840000,1.60252174524182
5.2,264.91,147.95140711499999,0.16965437143794
5.5,77.70,62.95752637240000,5.97762380215523
5.2,528.52,146.99499175700001,6.08963600216163
5.1,60.96,149.45325485199999,0.18484902251948
5.4,7.91,26.80907171260000,1.89318344838752
5.4,579.82,151.11345557000001,6.09116227487535
5.1,89.60,74.79840490799999,0.15376943344422
5.6,51.69,86.73158178780000,0.44215940870102
5.8,10.00,46.00740728520000,1.65049355291121
4.5,66.49,81.47548712900000,0.27559909956622
4.7,104.51,148.82666168399999,0.17397814001512
4.3,5.00,14.05842610200000,1.60558537760673
5.1,498.45,149.66523081400001,6.04395075331948
6.5,301.00,147.88530287899999,6.01026226503426
6.4,234.29,150.70760999500001,6.01916771689341
6.0,34.00,74.20418054779999,1.16644646702916
6.8,47.30,86.78548574660000,0.44606048761901
5.4,169.78,145.41309766500001,0.20845725317882
4.9,46.52,144.95588796700000,0.21599362456314
5.5,10.00,50.35901374920000,4.18883810686515
6.1,384.00,147.89987699299999,6.04667990882507
4.4,148.89,80.21494473980000,0.27639485964198
4.9,10.00,20.56133792570000,1.88685244591155
5.0,141.65,147.24653328700001,0.19373248032963
5.1,107.02,79.13572631490000,0.23865976390981
5.7,416.92,145.13878029899999,6.05618108796344
5.7,16.85,83.93159258770000,0.38822806980197
2.9,15.00,1.94151594579000,1.10639328505623
5.4,10.00,45.04262388570000,1.42965787190734
5.1,258.15,150.78197552699999,6.02073117826427
5.3,10.00,45.03021926580000,1.43023631088998
4.8,10.00,17.14497713460000,5.44023797196764
5.3,10.00,68.25418836510001,1.24577831821210
7.3,10.00,71.61267209840000,1.00439607490537
6.5,10.00,145.77365200000000,6.05491467415687
5.3,398.35,144.48817393900001,6.10484258591220
4.1,275.98,73.78578383270001,0.17011277794608
4.8,10.00,57.37136752910000,1.46886077728457
5.1,10.00,147.57288919000001,0.21301585927144
2.7,5.00,3.18398648268000,1.81852849354105
2.9,2.00,3.22791726105000,1.80119120399785
5.3,530.76,147.39560766200000,6.07394735650406
3.1,2.00,3.21184332788000,1.81900081249543
5.3,160.74,149.06946222400001,5.98085886377799
0.5,25.00,0.41947315678700,5.72295819110625
4.9,152.69,79.21270939960000,0.24991262582137
6.1,58.21,63.55271023810000,5.96871319249114
6.1,43.90,63.58132551410000,5.96863918269722
4.6,47.43,85.04545604110000,0.42452359486862
4.6,143.54,77.49482363730000,0.20678311018126
5.5,10.00,78.24907429380001,4.60477889534580
4.9,614.80,147.23106397399999,6.08421303776952
4.8,64.04,22.58535908910000,1.95045172790927
4.9,10.00,17.57205494780000,5.36780794459230
4.2,475.38,78.45635527320000,0.33704976635870
5.3,10.00,40.68995091120000,1.64494606828144
4.9,51.25,78.33751692049999,0.19971733794216
5.6,421.81,145.06332403499999,6.05805277268940
4.4,11.72,15.77393982600000,1.85901361238253
5.7,139.06,130.72816330900000,0.55310767779184
4.5,578.78,150.96492232200001,6.08023137746979
5.5,63.96,113.86289897600000,1.00528016558318
5.5,10.00,57.27874009450000,1.93657199249116
5.8,10.55,119.71977378800000,0.95675738258542
5.5,10.00,66.49272705820000,1.00985001315239
1.8,5.00,1.44891421663000,1.80789848603471
4.5,494.87,147.38036691900001,6.07015135909528
6.3,10.00,159.22377367700000,5.97368939484589
5.8,50.58,88.44270440570000,4.32936189681514
5.6,345.39,121.10430433600000,1.00302363189544
4.1,6.89,8.49491824305000,1.67425489975273
5.7,14.06,50.04986157180000,4.08354642964077
2.0,9.00,1.54520120477000,4.20972239077259
4.2,70.50,68.61831992680000,5.98874432018663
4.8,97.51,144.66223358700000,0.21734821550270
3.3,5.00,3.56916041746000,1.64877856273829
5.3,121.81,144.44403670400001,0.21821111459094
4.0,8.00,9.60181658430000,1.86960083284828
6.1,605.63,151.21976426399999,6.09292916839699
4.6,42.93,75.45110508380000,6.08926047931327
4.9,123.30,144.77341329199999,0.20963972605317
5.7,536.17,152.69021425599999,6.12051313487746
6.0,7.45,74.23692664600000,5.45054243228809
5.1,18.72,131.40770421799999,0.58796163482762
4.6,433.84,145.20225149400000,6.06701713416152
5.6,118.44,113.51607433500000,1.01405129315580
5.8,16.64,52.62785648640000,1.24551787237893
4.6,10.00,23.28348532320000,1.91266172331501
5.3,10.00,77.58453914350000,6.25837213159238
5.6,34.01,81.45066847229999,0.28117268940932
5.3,34.88,76.58498654189999,0.15725648205092
5.1,126.07,146.87757095800001,5.95122890202019
5.5,11.26,90.74011351990001,0.50550034984565
4.9,10.00,81.53229742740000,4.43321745822127
5.5,559.13,149.89797694900000,6.06687417052502
6.1,9.09,76.79804397830000,4.62486668857791
5.4,211.88,147.97379387699999,5.97861166702107
5.4,10.00,46.35687454190000,1.64541001874072
4.3,10.00,15.47902656980000,2.55744986064954
5.7,30.70,130.87550545299999,0.53373724941795
5.1,10.00,58.65733445980000,1.40458296837961
6.7,10.00,76.47869560110000,4.63305371584471
7.0,33.00,76.30674782350000,4.62891954324733
4.5,25.62,58.41531792120000,1.38868031255520
5.5,35.00,144.04900784500001,0.22993304980617
6.7,112.00,100.41825046100000,0.92816126263072
5.0,7.52,26.57604520210000,1.96809801967579
4.6,571.16,147.41170729699999,6.07229753739069
5.1,56.77,83.84130886950000,0.42118790137233
4.8,150.51,144.30365602500001,5.97598227972684
5.8,23.00,86.91063194000000,4.41958794016623
8.2,32.20,72.00671933340000,6.00627177502425
6.1,27.14,72.30807264500000,6.00771906831171
5.9,5.30,71.83932228540000,6.00176147879917
5.5,10.00,72.13258211580001,5.98971814354323
5.1,214.18,148.50479917900000,0.17867440717813
5.1,1.50,71.99471254030000,5.99527657226492
4.8,3.40,71.81241764040000,5.99633399597525
5.3,10.10,71.93191027280000,5.99476599869136
4.7,10.00,72.04943253710000,5.99752084931119
5.5,33.00,71.82853977660000,5.99784390820110
6.2,32.66,84.68125051820000,4.46543132560315
4.7,55.00,71.11964741680001,5.97271460591580
5.4,10.00,145.24883868300000,5.94800705994455
4.7,10.00,16.57447856810000,5.70280606157000
4.7,10.00,16.62025159060000,5.69950329041278
5.7,10.99,26.83320150190000,1.89699950093833
5.2,10.00,16.53449762990000,5.69122592166174
4.5,10.00,16.62337060350000,5.70319038184107
4.7,10.00,16.64864988470000,5.69928916479677
4.8,164.38,83.49574567200000,4.34218275416958
5.4,35.00,82.79762096470000,0.33029709399833
6.1,10.00,88.91172471740001,1.34872331820382
5.8,10.00,88.69865146030000,1.34222944190581
4.5,145.74,82.30874947900000,0.42613558035000
4.6,567.40,151.47280319800001,6.09334163949116
5.2,10.00,26.86317099710000,1.89765219939492
5.8,10.00,88.89011969390000,0.45339484307443
5.4,19.20,88.74289299300000,0.45746409952302
5.5,22.59,150.16720456499999,0.07647649681997
4.8,532.69,149.70129744700000,6.06340067096008
4.9,144.41,53.86563053830000,1.29773456276458
5.1,5.43,82.82559632170000,0.32979261162104
7.1,65.60,109.68467117800000,0.90350117753850
5.2,35.00,110.21179137700000,0.89753333721455
5.5,517.04,147.61684136000000,6.06284163897507
7.5,63.25,109.12287754800001,3.33888985695120
8.1,48.30,109.93672807199999,3.33659229699279
6.9,33.30,72.18213907840000,6.00191183313192
5.4,10.00,36.75379333540000,4.32505572901151
7.2,10.00,62.28214014560000,4.63863606971360
3.2,0.00,3.04311580962000,1.76830946753712
5.8,12.04,62.66265555840000,4.64744128684041
5.4,95.58,81.52858386900000,4.43053902071803
5.1,161.20,145.30530253699999,0.20774893013494
5.4,595.12,150.23905415499999,6.07627370511441
5.8,139.07,152.22934292299999,6.00469130965327
6.9,89.45,144.02851181800000,0.22507616632262
4.8,202.72,18.42738102480000,2.08349916221845
5.3,57.95,149.03350141900000,5.90576766095010
3.8,5.00,4.47160363652000,2.44422318406281
3.8,10.00,7.38865254000000,0.85403885935607
5.0,159.75,83.59734478320000,4.34297639528595
7.1,14.00,111.72647868700000,3.32421709906176
6.0,30.96,79.44755898360000,0.23101249534404
4.5,9.50,71.99476692550000,6.01330983172968
2.0,5.00,1.38857123365000,1.80186461272461
5.4,10.00,66.96903314530000,0.98028940624386
4.8,561.87,153.59212476200000,6.13431192495833
5.3,10.00,14.80447791630000,3.05779410526775
4.8,10.00,57.86427922000000,1.39449589360100
5.0,10.00,62.26284353330000,0.59062375942296
5.2,250.00,147.16260279900001,6.08491574417231
5.2,557.44,147.39115787500000,6.07417412160434
5.2,74.81,147.28070443999999,5.94651270011437
5.2,430.19,77.17391141260001,0.27303454938372
5.8,581.74,77.43309266430001,0.31737751485934
4.6,581.93,151.79919088800000,6.09759102639957
4.9,10.00,146.47298473999999,0.21747069037366
5.3,254.00,161.64376530100000,6.00079263519263
5.9,10.00,150.59021451400000,5.93517418342086
6.0,10.00,148.34028219100000,6.00144585654474
7.0,20.00,79.96919039709999,4.96811078540074
5.3,62.21,54.76272977790000,1.23015815309154
5.8,10.00,148.14087983700000,6.01469150454335
5.3,593.64,151.12611728900001,6.09452915830005
0.7,7.00,0.33784907511700,0.49567552057545
5.1,21.48,74.69758205340000,6.05499614857584
5.0,45.13,55.68973769620000,4.43789113410713
5.3,363.59,79.55553815510000,0.33235683293128
4.7,17.12,74.76732715590001,6.05475550376112
5.1,10.00,46.42021053340000,1.40573416464824
6.2,193.38,92.10456472640000,4.08450020047592
5.8,368.64,91.00905077410000,0.53332686780005
4.6,10.00,17.54391212610000,5.39176618278404
5.6,36.50,72.04488210789999,5.99112854730649
5.0,40.90,72.11681571240000,5.98829583345974
5.0,81.58,79.86270219210000,0.24472959234050
5.2,200.87,148.89681332500001,5.98352948959599
5.8,10.00,149.50161866900001,5.91893633790872
6.0,25.02,81.38536624100000,0.27049419558467
5.9,10.00,155.97970589299999,1.19574529528296
6.5,30.74,76.10261489670000,4.75632567325613
5.6,33.49,76.05702303430000,4.75293953366034
5.5,10.00,63.31690899180000,0.54728941317000
5.6,10.00,80.25206549009999,5.14129523493059
5.5,27.61,78.41754276349999,6.21645098851423
6.1,39.64,78.41443729570000,6.21613821404843
4.6,10.00,17.69778411630000,5.35663450838308
6.0,8.71,26.54826649730000,1.96699869103151
2.1,7.00,1.47598144503000,0.15248804597406
5.3,10.00,26.59216459170000,1.97043380130579
6.1,367.70,84.34756042170000,0.52025008305824
5.1,170.23,142.97102151000001,0.22023186933381
4.7,45.20,71.18273082850000,5.99472127395813
7.3,535.79,150.84265880300001,0.00205598594727
5.9,589.37,82.72129061130001,4.28535178201677
5.6,10.00,43.76395575220000,1.61786422450351
5.6,53.46,85.20170686580001,0.42771404939379
5.9,9.00,56.76889009040000,1.41572152788036
5.9,61.97,88.82407010070000,0.48293620896239
5.6,447.74,77.43072905960000,0.28310393311622
6.8,485.16,150.90764118900000,0.01382119094625
5.5,52.86,130.80052387000001,0.51155044601560
5.7,13.45,84.74946220990000,4.27060442719940
4.6,138.80,84.11579871450000,4.34268157483585
6.9,69.10,70.89255669560001,5.99901764429853
4.9,35.00,77.86366059400000,6.16563060459178
3.9,1.00,7.82965561219000,2.80041549635437
5.8,59.77,79.75802877160000,0.24678272441817
5.4,517.61,151.11155754399999,0.01651949879338
6.4,10.00,27.17857825870000,1.94700481058151
5.6,120.18,144.30869419800001,0.21779033029842
6.4,22.55,136.41576181799999,0.41619365719834
4.9,142.18,81.34924670490000,0.31015580086384
5.0,54.20,79.18679146010000,0.21779761355219
4.8,67.67,84.30771905600000,0.42345703312568
5.2,35.00,79.17652996440000,0.21800977153271
6.1,96.48,142.89848481600001,0.22490517067728
5.3,171.06,74.84176269720000,0.17192524303745
6.0,37.84,28.88000974960000,1.91918103544394
6.0,497.22,154.71797155300001,6.11108461028811
5.5,336.77,91.45409170600000,0.53064381355943
4.1,10.00,6.31305767818000,3.45529679233404
5.4,383.00,148.76236907800001,6.04948033330296
5.6,21.08,72.54718327920000,6.01227196158599
5.1,46.69,88.12391769700000,0.47067330341561
5.7,89.29,123.06196292800000,0.97511431935790
5.0,219.86,147.84765798300000,0.18741468407996
5.2,35.82,76.03426687149999,6.09900172651062
5.8,17.00,76.16747112470000,4.72861776008215
6.2,35.00,75.95244944290000,4.72765521353332
6.6,10.00,94.66885669200001,0.75835500807605
5.9,10.00,122.79971999100000,0.88293725947034
5.1,10.00,15.72790625070000,5.84622598615430
4.9,496.85,149.78744507299999,6.04501014923452
4.9,10.00,77.05801885040000,3.28099142829819
6.0,5.63,50.87110500840000,1.60990424504843
6.3,10.00,50.86407852070000,1.60946159395548
4.7,10.00,50.94576140990000,1.61086608396061
4.8,10.00,145.03647695500001,0.24495647493279
5.2,10.00,50.84996511590000,1.61058431875416
5.5,569.91,92.29306962740000,4.01236496768199
4.9,109.80,150.26396969400000,0.16530321571862
6.2,34.90,131.65117155300001,0.50088788031940
5.1,10.00,34.14643096730000,1.55791298759063
4.8,14.26,21.65628890040000,1.98884147265092
5.6,127.94,144.83957359900000,0.21410473755158
5.4,10.00,152.54615837300000,0.10815874812942
5.4,10.00,146.38465591400001,6.27842137279811
5.6,10.00,146.67863996599999,6.27475337819056
6.2,42.45,77.85938082980000,1.19939388391924
5.8,520.50,151.16432006700001,0.01601361407467
7.5,112.48,82.01947698380000,4.41850214243405
6.3,6.14,93.62952643540000,0.47753123055364
7.3,18.45,119.02845896600000,1.12222036436793
5.1,62.42,24.79578401000000,1.98881480988340
5.5,10.00,65.36255426270000,1.01199126551665
6.3,10.00,145.90865001899999,6.17558087924797
6.2,15.15,75.17659083330000,5.52890009255513
5.9,152.60,66.66001289640000,5.99295535542638
4.1,7.00,8.37378805084000,1.84197532544647
5.9,8.61,145.48990927400001,5.94161821491059
4.6,10.00,16.72876533090000,5.02067975109755
5.1,10.00,27.60151450250000,1.93529960424678
6.1,639.82,147.51047877500000,6.10826409578312
5.6,10.00,27.60782689090000,1.93428407078391
5.7,3.58,75.02924785540000,0.04523738925056
5.7,70.62,26.73292807870000,1.98091589330961
7.3,166.92,122.05441604600000,1.03313765297480
5.2,234.10,54.47736409600000,1.27779538270643
5.3,10.00,149.52805625799999,0.19893446110735
5.2,266.95,148.40930354800000,0.16773804966486
5.5,10.00,20.60881898850000,1.86615401388014
5.8,10.00,36.30072386810000,4.32687345816265
6.6,19.60,30.63854989970000,1.83628430811949
6.8,22.32,76.06986233320001,6.09815931461253
5.4,32.19,76.23385405450000,6.09872772447312
6.6,11.23,76.14833308020000,6.10052993926387
5.8,41.88,76.13505426990000,6.09975812267886
4.8,10.00,76.36857210180000,6.09698042957278
5.6,70.55,130.61804108300001,0.64917580520362
5.1,49.37,78.21710867250000,6.22664337542161
5.1,102.96,54.71978093280000,1.27510529270414
5.5,9.29,22.92356492370000,1.83347926455412
6.1,408.08,133.05901198500001,0.48477693687319
4.9,10.00,50.93707123720000,1.39285285509772
5.3,18.82,50.84114204380000,1.39288213539169
5.5,10.00,62.51014662340000,0.90629681943709
5.2,38.31,82.82243637420000,0.33338199815404
5.1,117.30,66.32014890940000,5.98699240600923
5.4,58.69,77.82775286400000,1.19255517784172
6.3,41.82,88.71235389410000,0.60904490200664
6.2,42.78,75.28278002979999,6.08815013317302
5.1,237.35,148.37719583699999,0.17503733297309
1.1,3.00,0.22322641243900,1.03866488539219
5.0,43.78,75.32438760890000,6.08846433257411
5.3,10.00,60.30947116780000,4.33123531298282
5.3,150.72,144.49995208000001,5.95512319372250
6.2,4.17,148.04745925200001,6.01209561517453
3.9,10.00,8.24898034490000,3.55273823151827
5.5,92.47,89.43576249340001,4.16320349045332
6.1,10.00,77.82906587890000,4.60830070631256
0.4,5.00,0.15338708207600,4.12058830597976
0.3,5.00,0.15500848994100,4.11988610078216
5.9,129.68,122.41393351799999,1.01985945047780
0.0,5.00,0.15606987007800,4.12449172136566
5.3,67.99,161.43473511400001,6.00612144891608
4.7,64.46,98.02184930120001,1.37638926310671
6.5,100.31,82.04911009360001,4.42017376942143
5.4,34.80,73.64605705670000,6.03908547203313
5.7,209.05,54.56202061520000,1.28142235962546
5.2,10.00,73.73983481569999,0.33911534606393
5.2,57.60,63.40277155780000,5.97481545355899
6.2,10.00,52.22365209500000,3.47262050101509
4.6,502.77,148.60827239200000,6.05545523542609
4.8,306.52,150.58303526000000,6.01973885899313
5.4,10.00,34.75614379980000,1.49751480787185
5.7,10.00,20.92284293250000,6.13268599210846
6.8,535.00,153.23631360799999,6.10540240831369
5.5,323.46,159.55811811800001,6.00574217479605
5.3,26.10,72.04707809160000,6.00571173662954
2.8,7.00,2.99450833003000,0.68420672380324
6.0,242.29,90.70455239970001,4.08661848522097
5.5,159.13,144.74542892200000,5.96263405607994
5.5,57.14,70.75720475100000,4.51952723370070
6.6,36.21,159.07119190399999,5.97530724688795
4.9,71.79,78.96569717700000,0.21891468313437
5.5,41.69,130.78219726000000,0.53150145151538
5.7,111.40,76.36718433910001,4.92599055993977
5.1,134.08,85.21159393510000,4.31627566175229
5.1,275.27,160.25659912300000,6.03744714214580
6.1,581.81,149.66352192900001,6.06971248537331
4.5,36.02,26.42625131330000,1.99894064267547
4.5,10.00,8.82664756089000,2.03326187795283
4.8,92.10,145.02543808100000,5.95287412147280
6.4,56.32,87.34988703270000,0.44944741645145
7.3,63.07,87.25831767760000,0.45028978908301
5.8,10.00,50.43650678280000,1.64108025691688
5.9,167.95,91.69265728020000,0.77461485764378
5.2,10.00,15.29221379020000,2.56986296438144
5.2,10.00,12.03658152470000,0.30173175972498
6.7,10.00,50.50089251320000,4.05426741843070
6.7,24.00,92.53970672500000,0.82793949698531
6.0,115.69,144.36160848800000,0.21824895015851
4.9,597.70,150.14296349099999,6.07987296004515
5.8,26.52,79.48319441900000,4.51558752693393
5.4,46.03,79.44067112099999,4.51570155635916
4.9,208.17,148.16061502400001,0.18262156446365
5.2,10.00,151.58975124700001,0.16509437370749
6.9,10.00,152.21346647600001,0.16024936470839
5.7,10.00,151.87667385800000,0.16442684703909
7.0,10.00,152.08420860100000,0.15740139205282
5.9,10.00,151.98860337900001,0.15630356907489
5.7,10.00,151.87815646799999,0.15871922938778
5.1,10.00,152.12336836899999,0.14218931781165
5.5,11.72,151.72048057399999,0.16359314924466
5.3,111.65,81.35966114970000,0.28877766639703
6.3,10.00,152.26526224099999,0.14787598404383
5.1,10.00,152.20435436000000,0.14769327552051
5.6,10.00,152.44724647999999,0.15238879060345
5.5,10.00,152.16830734999999,0.15207557025246
4.7,45.22,89.54775628170000,0.62083691096984
5.6,10.00,152.20576525900000,0.15163673589630
4.8,10.00,152.19013739200000,0.14179645644529
5.4,29.97,80.47837287540000,0.24514585362389
6.0,23.60,146.73519132800001,0.21453170631435
4.9,494.25,147.38558743100000,6.07697480978106
5.7,25.47,78.53998754400000,6.24095040217651
6.3,10.00,145.43323654800000,0.23899388492106
5.9,146.88,130.27664994300000,0.53283471135545
4.9,39.94,152.05761633700001,0.15318168223117
4.9,39.94,152.05761633700001,0.15318168223117
5.5,12.78,68.11059270750000,0.96727025495879
5.3,10.00,151.94805174000001,0.14693315544486
4.7,187.59,145.47950319200001,0.20633764932768
5.8,199.40,144.93702473100001,0.20956237825645
6.0,10.00,149.88664318900001,5.92013371702710
4.9,76.36,145.04070262799999,0.22013614166837
5.9,10.00,152.45540928800000,0.14232143622206
4.9,10.00,152.29096114199999,0.14260466334131
6.7,25.33,76.01067457750000,4.73774798831991
5.0,16.80,81.74257925000001,0.26678664702275
5.3,206.80,71.70357951320000,6.04894192001063
5.7,10.00,17.39206936360000,1.83996422756097
5.7,19.77,81.81385487470000,0.26768058486866
4.8,10.00,17.36989802040000,1.84100373652140
5.1,33.64,84.00930160350001,0.39865365515615
4.8,10.00,22.40417120390000,0.10382824366539
5.2,10.00,81.83711103050000,0.26743750637846
4.8,10.00,81.85851590790000,0.26766431054126
4.9,60.61,24.52001764110000,2.00572186337141
5.4,10.00,148.47202833500000,0.23311210352737
5.2,83.10,70.78646113249999,5.99906157813213
5.0,10.00,144.86746378199999,5.94041137856593
4.9,10.00,26.55939906300000,1.97688095092965
5.0,62.14,154.02154668700001,5.98954393095701
4.9,10.00,112.73432679200000,2.06384270820121
5.5,51.49,133.84490103400000,0.46912990494235
4.7,392.79,79.25075389289999,0.32019732509297
4.9,10.00,34.81691693190000,1.49734602880786
5.2,10.00,148.45313478700001,5.91932370721494
5.5,234.86,159.18951708800000,6.01240945831997
5.4,519.34,153.13468617500001,6.10370633914205
4.5,590.83,149.81374122899999,6.07918048588200
5.0,108.73,54.25712123520000,1.25732351791391
4.6,536.32,153.06091400700001,6.10504496983759
5.5,14.82,146.61005811499999,0.22003792268963
5.1,10.00,55.63639303720000,1.48898295112058
5.2,10.00,57.93393770310000,1.48633982762008
4.5,10.00,152.28086047799999,0.15817886767081
5.0,110.64,151.34181337300001,0.14861126527369
5.3,512.30,154.65164036700000,6.11272662254209
5.5,56.26,113.93869839900000,0.94146816879441
5.4,10.00,20.71213447140000,6.11479705410878
4.0,14.00,6.59570897074000,2.18014211864856
4.6,35.25,92.47470697780000,0.80876530218614
2.8,13.00,2.28507134670000,1.84522734369363
5.6,10.00,146.43549835700000,0.22097264227177
6.8,193.81,91.72753295660000,4.08334880492781
5.2,117.30,144.42743000600001,0.21589743597684
5.3,29.93,50.99597154180000,1.30020597887797
5.1,35.00,82.91658888440000,0.33840425529706
5.4,95.33,77.83668531879999,0.20935696331182
5.2,27.59,84.55202129890000,0.41171019875527
5.8,113.00,144.84901647600000,5.95568302868502
4.8,554.61,146.72538951199999,6.09419209701615
5.5,10.00,14.80444524590000,3.05494830929741
5.4,10.00,88.02152369549999,0.45788772139841
6.3,589.53,155.80863095999999,6.15310811064391
5.5,30.32,84.31539597790000,0.41020781907112
5.3,10.00,52.47746033220000,1.53795756358370
4.5,564.37,147.14362109900000,6.08364718239784
5.3,478.23,149.69062356800001,6.04214165113861
4.9,386.48,147.45831284700000,6.05547077391532
7.2,217.83,86.48532121650000,4.21926114090666
6.4,10.00,152.45105292800000,0.09958704601334
6.2,49.00,122.39013924500000,1.04698330696575
5.6,213.96,141.42570886300001,0.21576025709417
5.7,10.00,148.35284542700001,5.90766936906229
